55
6
59
47
4
94
66
42
43
72
96
61
91
2
80
87
95
41
56
32
36
75
88
40
27
44
37
20
55
94
98
52
22
51
1
11
58
67
14
85
60
38
43
10
41
90
28
13
33
94
27
34
51
64
82
69
62
12
83
55
35
54
71
39
10
9
44
63
66
24
7
89
98
48
54
65
94
55
17
1
47
81
74
86
90
85
50
29
15
23
28
44
73
0
56
32
66
30
22
66
27
94
86
32
64
46
66
59
37
93
94
47
77
65
16
41
96
62
84
10
45
53
28
9
63
36
10
94
51
92
3
59
30
88
57
72
96
36
19
29
23
25
18
86
62
37
93
12
64
96
31
52
34
27
58
17
8
21
22
87
42
78
63
39
71
83
10
80
15
46
28
11
58
51
19
91
15
78
87
91
11
39
76
14
34
92
18
79
94
90
4
65
15
26
25
8
33
15
94
11
88
57
13
29
46
9
34
22
48
51
67
32
88
64
17
52
44
31
80
7
49
35
62
93
57
2
95
37
70
82
60
89
87
76
19
35
70
75
83
67
4
66
61
31
56
37
93
71
95
40
8
57
69
9
91
14
6
41
49
61
65
77
96
45
93
49
87
25
14
63
58
31
61
74
52
9
70
51
46
34
27
52
49
81
30
90
47
52
46
41
20
43
10
93
2
75
42
90
48
46
41
17
8
49
98
36
11
60
73
5
85
0
88
7
91
50
41
54
14
46
64
84
42
53
88
40
63
1
66
50
23
19
11
74
70
9
95
45
72
27
24
74
4
53
12
50
79
42
94
28
23
16
4
95
87
9
86
57
46
2
74
58
66
67
99
83
38
0
34
90
42
81
7
43
80
32
61
36
68
6
31
99
2
85
58
53
88
4
95
89
64
60
67
93
99
94
10
23
48
28
73
80
65
97
47
70
50
72
12
7
49
33
94
21
66
68
74
83
85
42
15
2
58
82
42
40
31
66
83
53
74
19
35
71
37
21
6
34
79
48
84
43
57
27
18
59
8
69
67
29
88
15
62
71
35
45
19
97
41
44
27
29
84
32
10
49
92
14
60
28
94
52
3
11
31
16
75
93
91
31
2
4
57
80
96
76
33
64
41
56
98
46
81
57
38
92
87
75
23
89
81
36
91
24
54
29
76
12
52
38
53
77
18
51
7
33
48
35
57
15
95
94
93
38
38
12
58
87
71
73
11
88
96
40
8
61
92
43
65
1
60
61
33
38
37
30
70
66
40
85
56
64
24
25
76
23
45
19
6
59
83
20
48
2
34
25
60
0
44
1
31
28
3
71
76
41
30
35
13
55
94
67
77
9
72
18
10
62
38
24
81
15
21
49
16
25
60
66
17
20
52
89
56
77
47
85
38
54
72
97
58
92
62
66
4
27
60
85
21
14
40
58
39
60
98
85
31
33
52
0
49
86
15
93
27
52
89
34
41
4
51
70
59
40
71
2
35
22
10
59
51
61
45
29
40
26
57
14
21
96
81
68
34
92
64
9
92
93
86
44
37
8
51
84
90
96
87
33
72
30
17
73
82
32
37
84
90
34
5
3
70
59
7
24
72
77
12
19
64
93
6
57
91
86
45
41
49
68
74
70
29
62
39
11
61
93
13
45
80
49
32
84
40
47
60
18
44
73
26
7
26
16
28
95
1
77
56
36
66
48
44
43
33
99
1
63
91
10
80
36
53
35
92
94
1
40
87
63
19
27
61
18
64
57
26
37
43
12
9
44
42
39
73
32
75
81
74
57
23
54
56
78
53
87
15
21
12
91
63
24
17
32
0
30
16
59
42
51
58
10
71
48
44
36
85
38
53
1
33
36
50
8
50
34
81
39
36
97
45
39
9
89
21
44
85
92
2
34
77
33
67
68
12
71
39
78
16
91
47
6
96
7
87
34
24
97
37
72
70
51
52
41
2
45
84
48
94
85
28
80
50
57
81
58
46
98
5
89
40
69
64
92
79
38
70
47
14
1
24
56
22
40
8
94
59
33
65
72
80
1
84
74
7
16
10
94
95
31
59
35
87
96
95
38
61
30
25
72
56
89
22
31
78
61
97
60
13
74
12
19
45
26
57
3
48
15
20
58
90
36
17
40
65
9
6
95
60
68
7
26
8
69
80
69
89
61
67
42
38
56
57
90
87
64
81
48
56
21
23
75
69
31
34
25
35
61
12
89
47
20
95
36
34
94
85
19
0
91
70
77
53
38
58
21
36
42
13
88
73
18
81
99
5
63
15
44
47
65
88
92
29
0
52
19
65
25
86
42
4
33
62
59
1
10
71
88
80
50
0
91
3
5
28
36
25
32
84
52
96
11
95
43
11
29
17
81