0.62060 0.27499 0.56982 0.44071 0.12666 0.49968 0.78062 0.93966 0.07261 0.54543
0.41007 0.45531 0.64931 0.86438 0.55000 0.71393 0.33371 0.39713 0.39699 0.45806
0.17134 0.58004 0.80940 0.96105 0.84420 0.41375 0.11199 0.57812 0.35424 0.36498
0.07547 0.97704 0.71277 0.99011 0.87549 0.24310 0.06788 0.67696 0.64698 0.58693
0.45609 0.32329 0.84711 0.61617 0.09362 0.00927 0.62250 0.68499 0.89286 0.06501
0.88088 0.99176 0.58586 0.66237 0.19616 0.37330 0.11556 0.08944 0.47506 0.46025
0.35328 0.70980 0.37078 0.38878 0.53825 0.03046 0.82607 0.76908 0.98619 0.84793
0.71954 0.23425 0.61757 0.96338 0.72845 0.18641 0.36309 0.29504 0.95996 0.78501
0.15155 0.38563 0.60731 0.96413 0.65921 0.05651 0.75110 0.05558 0.85992 0.60505
0.65682 0.94718 0.60626 0.00328 0.65530 0.84869 0.43614 0.23847 0.81706 0.19220
0.86857 0.60691 0.30154 0.82497 0.47705 0.95670 0.98912 0.98888 0.53952 0.66794
0.12856 0.18149 0.98064 0.36733 0.58210 0.21805 0.92192 0.57558 0.96760 0.64519
0.10320 0.82091 0.82902 0.54734 0.37875 0.19633 0.49077 0.96225 0.06742 0.67311
0.70053 0.44451 0.63491 0.35830 0.95977 0.79057 0.70220 0.83244 0.17451 0.00853
0.78534 0.85375 0.91884 0.54029 0.73102 0.95667 0.70532 0.16109 0.05621 0.74724
0.91812 0.49717 0.69620 0.62665 0.54087 0.55328 0.01436 0.93122 0.28801 0.90388
0.85552 0.19618 0.29809 0.03666 0.35271 0.20591 0.11179 0.57065 0.46898 0.97227
0.36211 0.92261 0.79631 0.40487 0.05340 0.42746 0.85381 0.96320 0.96525 0.31134
0.45993 0.85241 0.18312 0.72231 0.32334 0.92712 0.46413 0.04698 0.83096 0.78964
0.20273 0.08584 0.77437 0.26055 0.91670 0.63870 0.76730 0.83136 0.21631 0.97309
0.06673 0.32389 0.02848 0.21255 0.08889 0.47306 0.54992 0.65883 0.87591 0.62398
0.91068 0.53197 0.93071 0.52020 0.68367 0.99180 0.14148 0.17683 0.73756 0.83307
0.53062 0.39703 0.35630 0.26864 0.00384 0.02429 0.07737 0.74522 0.63438 0.81973
0.40116 0.33642 0.66168 0.84556 0.79812 0.14977 0.79101 0.03906 0.24008 0.75194
0.76328 0.59881 0.49608 0.84435 0.72389 0.56431 0.41226 0.65788 0.29601 0.64535
0.24826 0.25803 0.70023 0.36446 0.73702 0.67570 0.54534 0.24135 0.38298 0.43873
0.57921 0.69530 0.54399 0.13978 0.64520 0.67609 0.08992 0.35710 0.45088 0.01374
0.96805 0.54671 0.45860 0.36670 0.50841 0.77321 0.31233 0.55623 0.73839 0.62832
0.08797 0.27040 0.82261 0.77185 0.35044 0.74790 0.97809 0.19583 0.30456 0.21361
0.13459 0.70545 0.83887 0.84182 0.34558 0.42117 0.15931 0.72723 0.38835 0.00540
0.56797 0.42420 0.28330 0.61323 0.86204 0.82646 0.88996 0.74513 0.96406 0.52947
0.46846 0.57571 0.91448 0.62490 0.24791 0.33919 0.47900 0.17585 0.33750 0.89319
0.52741 0.96739 0.23533 0.28790 0.86816 0.03136 0.30596 0.36990 0.49410 0.32391
0.91080 0.08840 0.20544 0.15551 0.47998 0.18726 0.61442 0.86689 0.29321 0.76922
0.84932 0.67341 0.75344 0.27818 0.01605 0.96571 0.71081 0.70855 0.55330 0.85404
0.68255 0.88473 0.67471 0.34212 0.35548 0.38330 0.41785 0.99803 0.21378 0.24418
0.33487 0.05613 0.29471 0.54576 0.01068 0.85082 0.10058 0.61975 0.17954 0.12326
0.11089 0.36783 0.69888 0.66291 0.65325 0.08919 0.76545 0.87414 0.04637 0.84569
0.53964 0.44001 0.48454 0.42612 0.21984 0.66865 0.92090 0.10581 0.41545 0.84816
0.49200 0.73076 0.01073 0.36776 0.20013 0.96989 0.63865 0.66744 0.82023 0.66559
0.70360 0.61988 0.29399 0.26083 0.37210 0.38165 0.93597 0.22797 0.09643 0.09301
0.83307 0.58006 0.76467 0.09304 0.02197 0.65182 0.45533 0.06139 0.94934 0.91465
0.36479 0.93744 0.25155 0.67926 0.75939 0.31904 0.84789 0.69908 0.02976 0.95323
0.11411 0.53694 0.27420 0.17860 0.56003 0.50558 0.07389 0.55544 0.28260 0.40508
0.35368 0.12741 0.12379 0.04010 0.53580 0.23903 0.54684 0.13101 0.97539 0.55196
0.37507 0.60229 0.15435 0.67338 0.05683 0.46934 0.68498 0.20650 0.31063 0.82018
0.55437 0.47488 0.89806 0.62029 0.82409 0.20380 0.25622 0.17906 0.59636 0.04741
0.05927 0.24705 0.58762 0.26370 0.89334 0.13586 0.30681 0.04097 0.05156 0.80327
0.49268 0.17779 0.46382 0.03908 0.93375 0.70747 0.73817 0.07173 0.61367 0.38288
0.83159 0.54589 0.92205 0.95475 0.50508 0.57912 0.01325 0.54665 0.42979 0.40484
0.56817 0.84697 0.53925 0.86381 0.84516 0.94862 0.30483 0.67364 0.73506 0.52035
0.36197 0.22923 0.68153 0.47219 0.06793 0.41213 0.27116 0.95994 0.82340 0.86848
0.91950 0.69007 0.44359 0.47422 0.91328 0.32938 0.82955 0.06037 0.16521 0.76961
0.30796 0.22338 0.96703 0.52802 0.33740 0.62456 0.37603 0.02119 0.05217 0.09064
0.06993 0.20420 0.21711 0.03783 0.06371 0.26834 0.16551 0.17651 0.67876 0.30506
0.57049 0.31354 0.54930 0.84831 0.12657 0.65743 0.42839 0.18012 0.60713 0.22502
0.77691 0.67648 0.72897 0.83772 0.62312 0.25495 0.60359 0.82260 0.90364 0.76324
0.11368 0.73110 0.03446 0.33578 0.41085 0.15710 0.44004 0.42381 0.42311 0.44016
0.80368 0.16016 0.40230 0.17252 0.66635 0.80694 0.01966 0.87466 0.52547 0.02508
0.96673 0.16375 0.94678 0.91403 0.33624 0.86052 0.63081 0.41818 0.73755 0.70195
0.07077 0.29962 0.27088 0.28804 0.37347 0.42526 0.26389 0.97447 0.15204 0.12744
0.86440 0.11398 0.97632 0.30441 0.14658 0.98677 0.45827 0.72642 0.27200 0.09637
0.68056 0.23912 0.42471 0.80332 0.02605 0.29601 0.22443 0.82589 0.43419 0.24093
0.44618 0.75517 0.67891 0.04940 0.24038 0.67950 0.82096 0.99895 0.45861 0.25312
0.74979 0.42918 0.37053 0.75063 0.28786 0.29930 0.86368 0.08585 0.90417 0.21440
0.28121 0.04099 0.26812 0.90378 0.84615 0.26860 0.07854 0.43710 0.45495 0.09768
0.51996 0.23657 0.11608 0.84271 0.43997 0.16138 0.09117 0.73447 0.21806 0.26225
0.83362 0.29041 0.60623 0.72238 0.79301 0.48276 0.00211 0.41071 0.56574 0.09093
0.79216 0.69492 0.56908 0.53398 0.32099 0.50870 0.70385 0.04934 0.42232 0.77362
0.97132 0.36304 0.41737 0.38237 0.90674 0.66028 0.96157 0.00788 0.18427 0.12940
0.21584 0.24984 0.94545 0.05453 0.22613 0.03548 0.92954 0.99108 0.29995 0.65224
0.11735 0.46859 0.68992 0.38856 0.44064 0.32765 0.58648 0.02001 0.89211 0.30263
0.64188 0.44434 0.90067 0.72153 0.28708 0.64045 0.86841 0.40811 0.29205 0.81991
0.45117 0.50303 0.13842 0.25210 0.67433 0.92529 0.79205 0.11152 0.43198 0.68824
0.92601 0.18267 0.69974 0.53359 0.96422 0.35231 0.57965 0.51711 0.06339 0.18090
0.76525 0.59887 0.12009 0.86166 0.62868 0.42267 0.00257 0.30529 0.12116 0.73600
0.90438 0.78253 0.12423 0.26287 0.74199 0.94459 0.96327 0.53294 0.79305 0.39113
0.91586 0.45614 0.02540 0.52485 0.81754 0.97497 0.37677 0.86271 0.85788 0.15210
0.35383 0.93949 0.51240 0.75285 0.96518 0.63324 0.60244 0.03150 0.03455 0.78492
0.79354 0.71447 0.78344 0.36967 0.04132 0.73010 0.03668 0.99989 0.72742 0.16746
0.95225 0.21113 0.25783 0.52581 0.26370 0.11096 0.82225 0.31128 0.70168 0.37500
0.21276 0.32378 0.40485 0.83962 0.16118 0.86409 0.06983 0.09194 0.32332 0.18755
0.76417 0.56038 0.42758 0.04997 0.34477 0.93348 0.15532 0.13223 0.74683 0.89743
0.66268 0.25139 0.45509 0.56676 0.17265 0.38817 0.26409 0.50791 0.92625 0.37197
0.09106 0.94122 0.17903 0.52861 0.15927 0.45518 0.04107 0.50938 0.04037 0.91395
0.67173 0.70880 0.93514 0.67788 0.09461 0.09860 0.65563 0.00042 0.06898 0.94417
0.74954 0.86129 0.25797 0.84132 0.20175 0.58188 0.34087 0.67163 0.99845 0.86231
0.83818 0.51180 0.07701 0.09826 0.49335 0.24013 0.42561 0.06842 0.07120 0.94291
0.19503 0.86838 0.81725 0.50289 0.24346 0.76941 0.42126 0.26732 0.98562 0.15288
0.59887 0.46531 0.39357 0.67805 0.09431 0.27221 0.66984 0.18644 0.89122 0.78263
0.77962 0.62045 0.65233 0.47154 0.63171 0.63910 0.11813 0.38177 0.09323 0.89402
0.11155 0.08418 0.94060 0.43517 0.26325 0.63252 0.88340 0.66173 0.62978 0.54269
0.47616 0.37394 0.58984 0.80022 0.54948 0.41705 0.94637 0.55598 0.40044 0.06221
0.09492 0.13446 0.45513 0.89986 0.38097 0.01633 0.63706 0.02118 0.97526 0.49983
0.41743 0.01388 0.61498 0.93850 0.88547 0.91181 0.96505 0.24032 0.79084 0.14334
0.33261 0.84129 0.68929 0.63565 0.95773 0.26293 0.78183 0.44607 0.19181 0.30217
0.15050 0.84121 0.85821 0.29220 0.78896 0.41098 0.16712 0.13365 0.51487 0.92402
0.47239 0.86973 0.01621 0.55482 0.03537 0.25656 0.92692 0.89761 0.93872 0.46227
0.38408 0.38690 0.00664 0.04878 0.07799 0.86338 0.37870 0.49550 0.81244 0.89450
0.91871 0.30573 0.01987 0.46877 0.63654 0.68959 0.74277 0.44676 0.76954 0.25460